18.562
18.562
18.562
18.562
18.562
18.562
18.562
18.562
18.562
18.562
18.562
18.562
18.562
18.562
18.562
18.562
18.562
18.562
18.562
18.562
18.562
18.562
18.562
18.562
18.562
18.625
18.562
18.562
18.562
18.562
18.625
18.562
18.625
18.625
18.562
18.562
18.562
25.812
26.0
24.875
24.0
23.375
22.875
22.312
21.875
21.5
21.25
21.062
20.812
20.625
20.437
20.312
20.125
19.875
19.75
19.562
19.5
19.437
19.375
19.312
19.25
19.187
19.125
19.0
19.0
18.937
18.875
18.875
18.812
18.812
18.812
18.75
18.75
18.75
18.687
18.687
18.687
18.687
18.625
18.625
18.625
18.625
18.625
18.625
18.625
18.625
18.625
18.625
18.562
18.562
18.562
18.562
18.562
18.562
18.562
18.562
18.562
18.562
18.562
18.562
18.562
18.562
18.562
18.562
18.562
18.562
18.562
18.562
18.562
18.562
18.562
18.562
18.562
